[drawing.jpg]
filters=finetune2=1,0.000000,0.000000,0.000000,00000000,-0.052632;PicnikTint=1,0.000000,ffffd2e0;warm=1;
moddate=4c39098dad29d201
width=882
height=688
textactive=0
